notebooks/format_examples/gaia_5col.ecsv
# %ECSV 1.0
# ---
# datatype:
# - {name: ra, unit: deg, datatype: float64, description: 'Right Ascension (ICRS, J2016.0)'}
# - {name: dec, unit: deg, datatype: float64, description: 'Declination (ICRS, J2016.0)'}
# - {name: parallax, unit: mas, datatype: float64, description: Trigonometric parallax}
# - {name: G, unit: mag, datatype: float64, description: Gaia G-band mean magnitude}
# - {name: BP_RP, unit: mag, datatype: float64, description: BP-RP colour index}
# meta: !!omap
# - {name: Gaia DR2 subsample}
# - {survey: Gaia Data Release 2}
# - {reference: 'Gaia Collaboration, Brown et al. 2018, A&A 616, A1'}
# - {arxiv: 'arXiv:1804.09365'}
# - {g_min: 16.0}
# - {g_max: 17.0}
# - {n_total: 78920842}
# - {n_sample: 10000}
# - {sample_stride: 7892}
# - {ref_epoch: J2016.0}
# schema: astropy-2.0
ra dec parallax G BP_RP
[from data line 8917]
190.17549734126678 -60.77598801106879 0.19013259062837137 16.595442 2.4163620000000012
189.27706067142543 -60.485361036925056 0.3359533101225916 16.352259 1.6100790000000007
191.919591267749 -59.78247122676699 0.47447589585562455 16.081612 1.0494410000000016
194.03005578438388 -60.18800686681826 0.16622295877525203 16.55398 2.401246999999998
195.10237257393322 -59.1825571172349 0.1704954625855071 16.322018 2.292099000000002
196.03915887659292 -58.74470136982529 0.8325701515116783 16.134527 1.4429169999999996
193.09736079043583 -58.84009269129113 0.27369055639501283 16.029331 1.4407610000000002
195.799656057435 -58.19572598781291 0.850152550655568 16.387997 1.2973899999999983
181.1542251656745 -62.76178422895951 0.28295935627522234 16.4459 1.0455760000000023
180.17029757487617 -62.7297318937885 0.30474865152564806 16.95735 1.3670399999999994
184.1469798364201 -61.76004207035325 0.5703029753379412 16.177956 1.2659079999999996
184.4188199547982 -61.26834766965668 0.4797987581742222 16.946903 1.3585409999999989
180.63293995456195 -61.9171668278733 0.11617206625005447 16.926517 1.165963999999999
182.5919890867432 -61.22537263659436 0.05252052614602528 16.476128 2.4788700000000023
186.22646536636313 -61.41665438429104 0.48037822875026637 16.232826 1.2066850000000002
185.84604891717476 -60.997987027672764 -0.09307843736975545 16.381168 1.2900275000000008
187.98732128757055 -60.681167178904396 -0.07790469202388628 16.292072 2.381931
185.16670459925925 -60.85268238443124 0.3115571558819511 16.425135 1.4886409999999994
184.66518884421262 -60.46199984860691 0.07432579919625801 16.663113 1.718032000000001
186.7228363129813 -59.927188483515216 0.3774610843359998 16.979815 1.7191849999999995
180.72294467452207 -61.479805833082054 0.18718949986791122 16.676874 1.555699999999998
182.3452517295032 -60.83757694357707 0.8484346305719087 16.330233 1.3456299999999999
184.23458460387042 -59.98000190636458 0.2699459194858896 16.992907 1.139083000000003
180.305334953202 -60.580927167372316 0.020297025932039102 16.682758 2.9210399999999996
183.1833736735663 -59.52536168855945 0.139258593786367 16.821634 2.0454790000000003
185.0998744841769 -59.73155840522866 0.4292289943117327 16.984724 1.4131720000000012
186.6742582589317 -59.13626282239593 0.06795998256019746 16.7664 1.4951980000000002
185.00489459159053 -58.79430880747395 0.114050993355275 16.623571 2.1250789999999995
188.13606753664612 -58.120503266252506 0.47791430802816004 16.376066 1.2183639999999993
189.7942493962698 -59.670578749754306 0.2631418196841911 16.857601 1.403224999999999
192.12334926719882 -59.03740740966759 0.10129981168698397 16.848072 1.7703249999999997
192.21463001129916 -58.63995427885557 0.1600602198586435 16.700163 1.2315770000000015
190.92823007625432 -58.57762186086535 0.1498562564656988 16.887774 1.7908020000000011
193.13258007178555 -58.414919077865775 -1.3874469932288083 16.886154 1.3391100000000016
195.03653492924443 -57.86232123239631 0.05304237197561728 16.91953 1.8439580000000007
192.98863660434768 -57.85280141733332 0.2234498990140298 16.44163 1.086589
195.73963028441847 -56.709662538391356 nan 16.975023 1.154751000000001
188.43833674380463 -58.374627066992275 0.16020996379251026 16.624199 1.8537860000000013
190.56650860701816 -57.398226130177946 0.5584266365475733 16.989088 1.384923999999998
190.2760680227377 -57.1216837614983 0.5374500786494898 16.799585 1.3989270000000005
193.6016911221767 -56.414576680857905 0.46415422249194116 16.813215 1.2631440000000005
192.35466656077827 -56.08306129552427 0.40862409314137427 16.583122 1.256132000000001
198.2919247058027 -60.305849115213675 0.07991430227603312 16.096584 2.339855000000002
197.81703539285687 -59.727841107588915 0.41446249028095733 16.238155 1.3452050000000018
199.4162137595969 -59.09307187175597 0.013731321789379435 16.512793 2.8193479999999997
199.01737495731393 -58.86108186696072 0.9927596173449597 16.790073 1.5108880000000013
199.29027220142814 -58.47309245268578 0.07661386409440903 16.62049 1.3404039999999995
201.93058415364808 -58.42528298509652 0.46540451950166856 16.675182 1.445995
203.2384443018497 -57.95199798463863 0.1886444584651558 16.96072 1.2529339999999998
200.8061509953768 -57.85758508425634 0.5678170642815881 16.155138 1.1641290000000009
202.69308565165088 -56.44650896698823 0.42722069785814615 16.127153 1.6405460000000005
198.2478086395301 -57.735081897908856 0.44239065294901714 16.366688 1.156175000000001
197.503559692252 -57.67098892840472 0.5308592850301908 16.493467 1.169903999999999
198.36426511992096 -56.95468822002022 0.2740333317220476 16.307467 1.419518
201.12630101778277 -56.58905258000073 0.08803475142769544 16.128319 1.9378720000000023
200.70408691251595 -55.88365627124417 0.6045680640107871 16.97539 1.457647999999999
202.04160687276752 -55.051444829209224 0.3366389968554616 16.896538 1.0774820000000034
206.44709642256512 -56.148087334209734 0.05476513127550878 16.131758 1.866852999999999
204.7627786636686 -56.145242581183034 0.1069931526055157 16.565529 1.7354389999999977
205.88248272730704 -54.68274075138761 0.18383844716000602 16.348795 1.9824940000000009
209.75426644412138 -54.47698762917326 0.9614056088358458 16.407501 1.3743849999999984
208.92757984525758 -53.57238767179589 0.9120341970065184 16.549486 1.4468940000000003
203.78243230130911 -54.73063483673985 0.06183138524388305 16.90773 1.9340090000000014
204.46805226722586 -54.13614543425847 0.28944098482057834 16.998648 1.3987000000000016
207.26839837391367 -53.395766389134586 1.2243003958443963 16.695509 1.5056160000000016
206.9748536450182 -52.45056051266082 0.08210765454764311 16.976448 1.2961060000000018
196.18680099320306 -56.619963567734374 0.21484503835427352 16.046318 1.731835000000002
196.1700085534105 -56.521183899875254 0.4550742441775376 16.647053 1.2102889999999995
198.125061307139 -55.001713098806434 0.7993212959745392 16.419031 1.2400699999999993
201.5415382226437 -54.64610451253412 0.13366230793878336 16.274685 1.1722789999999996
201.0344861618412 -53.98906356302855 0.04868816041562636 16.412508 1.7016780000000011
197.6445709555225 -54.31627193133568 0.21583555688405345 16.463793 1.4583929999999992
198.18689473554048 -53.5746758842339 0.5697268430550271 16.835213 1.485630999999998
200.35100490727794 -52.605053007399135 0.1269583837752302 16.083134 1.6520139999999994
200.83230790183416 -51.37942141208093 0.8803819171667583 16.509157 1.3482530000000015
203.16154008422555 -52.70706458131457 0.1773990401101837 16.710257 1.1959669999999996
206.02867911084135 -51.81396027570904 0.18763856222789752 16.345516 1.4812299999999983
204.6175932226682 -51.312470755759364 0.4886949796390527 16.853989 1.3300820000000009
202.4876933262562 -51.71357829516804 0.6677101276460731 16.279043 1.3511430000000004
201.97490383292737 -50.5524221016498 0.6811259081128539 16.351343 1.060727
205.606078102775 -49.560522973104064 0.30958423900609255 16.753977 1.1486699999999992
205.27955459371074 -48.69596927261904 0.20723101443231373 16.07322 1.031829
182.55435897520292 -59.50246597496019 0.16449779625647462 16.977245 2.1075739999999996
180.04856478492934 -59.65850101317949 0.39396340936430624 16.365887 1.0312520000000003
181.73972297142984 -58.581799011775914 0.3675235398855712 16.795248 1.6156420000000011
184.98968963954525 -58.27534601147881 0.36884222061631305 16.84346 1.23921
187.98486112734514 -57.44574877519651 0.3322829826672609 16.213917 1.9832590000000003
185.26473119356575 -57.04160041047807 0.6581151017852037 16.877243 1.4838859999999983
180.48534236699476 -58.202885504791524 0.8522436799739807 16.93966 1.3879730000000023
183.33159961874563 -57.29669146411348 0.2752401912956759 16.29746 1.2127259999999982
181.8859416784324 -57.032757183498 0.17205243475011078 16.278208 1.0622219999999984
184.0215529655686 -56.700702586173804 -0.11353602788765875 16.776045 1.8617019999999993
184.42827847836048 -56.31737753253032 0.47794051627914175 16.469225 1.362347999999999
186.3303162380536 -55.03533461622867 -0.011933232263596992 16.530031 1.6042890000000014
190.59439315201575 -55.950064781626594 0.5279894169963485 16.241375 1.2347099999999998
190.8325460751442 -54.937887111628946 0.48844863225070567 16.787142 1.5319059999999993
193.83255600205737 -54.13338133739171 0.013022727718148901 16.058186 1.6021460000000012
193.6578514368479 -53.5902124947079 0.34147422064477073 16.387787 1.3140959999999993
189.4060046922485 -54.342330585296295 0.31340896706987403 16.94753 0.9934639999999995
189.3273460028652 -53.884432063081235 0.7256552201627631 16.522451 1.1993559999999999
193.91387403634138 -52.68220994391008 0.3964908064457724 16.754103 1.238396999999999
192.8943768244157 -51.75554454239841 0.5768524061161093 16.41924 0.9377209999999998
181.7051930880947 -56.34888596166778 0.5847560550219868 16.828005 1.2571980000000025
181.80364476761753 -55.777480693989915 0.47242189632843207 16.622995 1.237921
184.09370401095308 -55.67614302787056 0.49322736597831435 16.693098 1.1665109999999999
186.58890315711238 -54.45821409315598 0.513975342554673 16.370205 1.0930370000000007
186.7241478319929 -53.713007867912566 0.5557892512182362 16.37662 1.0092619999999979
181.4670089491293 -55.0359475260661 0.215698510834202 16.940657 1.544665000000002
181.77172935103678 -54.225043446729565 0.3032682308164899 16.843348 0.9656640000000003
183.81234793995233 -54.05510412053966 -0.004663015005935914 16.472734 1.4056099999999994
186.89194278997624 -52.431581893426504 0.18718315304597824 16.519037 1.2936359999999993
185.76566674020543 -51.97881217613267 0.6356807611594836 16.99509 1.1029820000000008
190.35783440963067 -52.211505175947245 0.5290303355348904 16.644201 1.169989000000001
189.7074387314933 -51.67151375148854 0.6964214805131747 16.310698 1.1168059999999986
191.40774184739726 -51.6087069694846 0.24493715118134676 16.798876 1.3313369999999978
188.3251581017684 -51.62257775250294 0.4183959065123437 16.510717 1.0464160000000007
188.622986063313 -50.918346524117226 1.6054060215110408 16.853268 1.7820089999999986
192.76776577781328 -49.219610991716756 0.4975316357070294 16.798235 0.9692939999999979
196.0063045230476 -53.466086182058135 0.6241990610430103 16.644106 1.4206189999999985
197.12930823403457 -51.91496247860528 0.10268286088765533 16.73487 1.2432669999999995
199.16965500132596 -51.483620376149084 0.3220064345248352 16.734167 0.9783740000000023
194.9278526129296 -51.97902020177972 0.5312303206748961 16.01021 1.0383759999999977
194.31657742404977 -51.11987978095029 0.3380370716306783 16.86233 1.0953739999999996
198.80582907323674 -49.72365676076363 0.15335555200494524 16.552168 1.054946000000001
200.57704057397265 -50.76348407960512 0.43387647254587797 16.771025 1.0904260000000008
200.54024104971347 -49.6754564520337 0.9122521674663211 16.60329 1.379147999999999
204.75142729396558 -48.240426375935634 0.16683919159156196 16.826483 1.235004
200.94480682345372 -48.94950769392908 0.13439752615076822 16.378386 1.1050199999999997
201.75937118897946 -47.52682320773055 nan 16.485655 0.8795500000000018
201.71594258821045 -47.333171698742596 0.026220367205940863 16.270418 1.0833459999999988
202.069585915584 -46.44288318272108 0.4512262695068915 16.35233 1.0008940000000006
194.191980306331 -49.99768111520689 0.3461273362204884 16.145857 1.1277999999999988
198.13209224006442 -48.642248570261486 0.5399309642466003 16.299086 1.0279170000000004
194.1863027990589 -48.411872893893104 0.41788349155009546 16.460072 1.0756370000000004
196.12797974544821 -47.67439207002455 0.20474186623546342 16.614098 0.9234179999999981
197.77000980577554 -45.99837899908551 0.7426359026552264 16.193642 0.9668235000000003
200.56109638340337 -46.09960597877086 0.47777821166238144 16.936314 1.1374630000000003
202.68606511835839 -43.99977514815779 0.5461626313910954 16.679289 0.9162600000000012
199.56064296582696 -44.027467980904554 0.40251269685699786 16.065302 1.1809269999999987
201.71773987414096 -42.84710481717118 0.578677721375123 16.74182 1.1829070000000002
211.37323406478083 -52.58344274192754 0.6120629101500442 16.461205 1.320309
212.38376464970494 -52.70012124122875 0.14930308637377018 16.89994 1.9309550000000009
212.1370825297243 -51.284977978610186 0.4703396386999294 16.991304 1.264880999999999
209.53985269937093 -52.19018099497414 0.604490216108805 16.405275 1.4015650000000015
208.408612455598 -51.26356500245809 0.06769693024982353 16.095404 1.6863020000000013
212.54864556663088 -50.26624346299499 0.13138837928787359 16.035696 1.3495920000000012
211.79431651828338 -49.10003479510981 0.7810403879505913 16.79136 1.2869400000000013
215.4878428583002 -50.028360325357916 0.45883710153329016 16.29522 1.0853219999999997
214.79716445437367 -49.29161477723009 0.5353641651093046 16.115913 0.9599679999999982
218.3506942835824 -48.18981030338766 0.7841393311872968 16.202871 1.0903029999999987
217.65752301559036 -47.468965077663434 1.1160875297026036 16.126787 1.3282000000000007
214.6891823466264 -48.25885036979463 0.47182001647213495 16.405296 1.0674400000000013
213.66072117043112 -47.54969264299548 -0.001436533062675691 16.266035 1.4418620000000004
216.14825561522426 -46.474528707016766 0.3598834733705176 16.883965 1.1528860000000023
207.72671343705014 -50.90080534594976 1.0374625479901332 16.844017 1.6696239999999989
207.52804816547922 -49.41285585035844 0.2475689593101983 16.197035 1.1765629999999998
210.26522707405618 -48.62610428620959 0.8597305547665026 16.55486 1.344415999999999
210.58964644651596 -47.20696041264623 0.7087017029483029 16.960356 1.2657970000000027
206.23948298115587 -48.706210650541905 -4.540324441792689 16.090117 1.1633289999999992
208.78382958143692 -47.228762958734606 0.5022620999168645 16.40444 0.9555869999999995
133.07877228829588 15.565138860924344 0.8641516682541022 16.270544 0.8854969999999991
212.24105989559578 -46.68680725461151 3.6106559395866187 16.365889 2.399150999999998
214.38403199772017 -45.61536096789956 0.47084074316177443 16.385714 1.1235859999999995
215.23119035751148 -44.26943740842399 0.49299486519488245 16.191713 0.9626249999999992
210.91076513883786 -45.11442674921686 0.4298948104427254 16.933743 0.8996159999999982
214.46941583834837 -43.048860121595226 0.4924889819623966 16.238289 0.846743
218.33160636061766 -46.99809663371165 0.4316005946607675 16.0352 0.8807760000000009
218.99912415133556 -45.938234952459055 2.751665225545842 16.319584 2.1075039999999987
221.63018369347154 -45.00690638531664 0.34880989295279524 16.722147 0.8197519999999976
220.1469928463543 -44.37003823532968 0.38205105359136554 16.868565 0.9946950000000001
217.03967036002558 -45.22135512661161 0.446981858154101 16.063059 0.9413339999999994
218.4492310897859 -44.264749475809644 0.0893411060732339 16.08832 1.3361549999999998
219.33501416074733 -42.24912722877466 0.18441788116716012 16.106134 0.9169220000000013
220.9935106470012 -43.06320432615661 0.08935882765825973 16.919369 1.1381550000000011
224.4789063904595 -41.63074618165948 0.16479172601160144 16.34234 1.0778680000000005
220.79942109981982 -42.32161826534511 0.2643790860565138 16.855154 1.191953999999999
221.32441069885633 -41.17489243798454 0.17350853010925385 16.39988 0.8312229999999996
222.08716589842385 -40.208729517472854 0.38944972097864067 16.747015 0.9667300000000019
215.5472586123194 -44.04753219304119 0.16614580629050663 16.012278 0.989079000000002
218.62173250127069 -42.42734166173239 0.4685544966241445 16.02622 0.9132660000000001
214.81407914704548 -42.46754852737025 0.27675178578298953 16.757137 0.9908870000000007
216.5845956818689 -41.026235706187286 0.41703969552484993 16.297161 1.229773999999999
219.08685969080295 -40.90414159068725 0.2557403592542432 16.964663 1.0374959999999973
220.97529814524756 -38.997095570623905 0.3585103052949788 16.905546 0.8868559999999981
217.99783059553096 -39.10058289472702 0.32546821188511643 16.976852 0.9478149999999985
219.00774837913812 -37.57394541352976 0.7751887324543619 16.200518 1.0738809999999983
207.35902289316897 -46.969251104617875 0.07073272090016697 16.06342 0.9621620000000011
