notebooks/format_examples/gaia_5col.ecsv
# %ECSV 1.0
# ---
# datatype:
# - {name: ra, unit: deg, datatype: float64, description: 'Right Ascension (ICRS, J2016.0)'}
# - {name: dec, unit: deg, datatype: float64, description: 'Declination (ICRS, J2016.0)'}
# - {name: parallax, unit: mas, datatype: float64, description: Trigonometric parallax}
# - {name: G, unit: mag, datatype: float64, description: Gaia G-band mean magnitude}
# - {name: BP_RP, unit: mag, datatype: float64, description: BP-RP colour index}
# meta: !!omap
# - {name: Gaia DR2 subsample}
# - {survey: Gaia Data Release 2}
# - {reference: 'Gaia Collaboration, Brown et al. 2018, A&A 616, A1'}
# - {arxiv: 'arXiv:1804.09365'}
# - {g_min: 16.0}
# - {g_max: 17.0}
# - {n_total: 78920842}
# - {n_sample: 10000}
# - {sample_stride: 7892}
# - {ref_epoch: J2016.0}
# schema: astropy-2.0
ra dec parallax G BP_RP
[from data line 4003]
263.04136985469336 -24.540397543471148 -0.046831882329992414 16.080528 3.1300539999999977
262.9928800555735 -23.900697481445178 -0.08625218245051787 16.835588 2.384537999999999
260.6663615603911 -25.394182177070505 -0.14892018834493134 16.534616 2.2009729999999994
260.03721262603375 -24.94577428269594 0.5916212025118309 16.295973 1.9450299999999991
261.0401269115768 -24.752597369369724 0.7286913842249322 16.996914 1.6781930000000003
260.66104993385756 -24.277660227684656 0.10654591614287788 16.67295 2.451400999999999
259.2504700766906 -24.51226350908473 0.17955106542781024 16.225342 2.540703999999998
260.6007381960053 -24.00215947261876 0.18068406694090353 16.627028 1.9358199999999997
261.59482572689586 -24.29647370250655 -0.1844937184402949 16.548615 2.109598000000002
262.0905655247397 -23.769062594641216 0.1313727277838229 16.895082 2.706850000000001
260.88674408431973 -23.798604185171495 0.09747310774043032 16.540514 2.0936340000000015
260.5770586142311 -23.41266922104935 2.3984682430170325 16.680397 2.066732
261.29843181883444 -22.93577784962764 -0.07134695628226191 16.782167 2.415689999999998
256.12389699085514 -26.90921618704071 2.206230514596868 16.743042 1.9082090000000012
255.66337056021356 -26.282842775942996 0.05594009836183011 16.417463 1.1623609999999989
256.424052817491 -25.889936338256767 0.43011245795061137 16.615429 1.5093150000000009
255.59957478677907 -26.059573097170727 0.19459361641400424 16.890806 0.8622580000000006
256.03343198774945 -25.40632771238985 0.3203908446486378 16.466625 1.6551919999999996
257.21832248829895 -25.743761481409575 0.13563868251532996 16.640917 1.6889659999999989
258.2582200684089 -24.99615653317728 0.6270913449776507 16.470741 1.5665200000000006
258.2665297426993 -24.243335173333048 0.2618936815678209 16.075777 1.8424850000000017
256.4281506588216 -24.328450564900194 0.18850418964142296 16.025257 1.7110249999999994
257.4778681776559 -23.802605168708425 0.04233168412314374 16.299986 1.3148370000000007
255.5061720900588 -24.97970082641639 0.10079411567421412 16.159718 0.6011790000000001
253.98802259786362 -24.501343196209273 0.21219715159047792 16.597578 1.4870219999999978
254.7495154689602 -23.92028404692181 0.08882167271302192 16.548431 1.5629789999999986
255.75825094453998 -23.626606869109807 0.3677919486816214 16.218449 1.2519910000000003
255.20089589404273 -23.752515047229913 1.4959722778266853 16.825502 1.3366560000000014
255.50819039104167 -22.841996985109603 0.19682947881375498 16.517538 1.9254270000000009
258.96496527557565 -23.697604179691506 0.6173849108161221 16.673758 1.7405489999999997
259.302792116982 -23.37172279086336 0.8526994691181569 16.498478 1.602962999999999
258.333397337097 -23.357739790924686 0.28951119325250185 16.82156 1.6456470000000003
258.5937460351184 -22.828197656624262 0.11532882348946841 16.489483 2.0482640000000014
260.19467671351015 -22.890192830163 0.13123670804826837 16.392052 2.031796999999999
260.1923438438257 -22.135209852911437 0.23678577991945732 16.981806 2.4085360000000016
260.6468997881513 -21.61683822255961 -0.017056837765658864 16.307508 2.2145649999999986
260.1009460674285 -21.834855023588293 0.7472296975916096 16.539225 1.7692300000000003
257.8408715247785 -22.81839165939617 0.15035762777050898 16.038923 1.835343
258.1483850303136 -21.934032780203886 0.08143050846323031 16.7377 1.837253500000001
256.58866807298614 -21.51242558255759 1.0114285646136334 16.003504 1.2253799999999995
259.1551361263381 -21.316354489419716 0.02694469168709159 16.125435 2.2695990000000013
259.68659904552743 -20.54748715127313 0.41308816379068375 16.464506 1.4140550000000012
258.17293639786936 -20.292795029817217 -1.0189735689629387 16.780819 1.4496749999999992
264.3471994700919 -24.44036320488526 0.008494328802162837 16.62716 2.918875999999999
264.64494820412074 -23.959220702539344 0.07886417549194384 16.353992 2.364340000000002
264.477648018967 -23.869511685062854 0.018012792745099575 16.254774 2.6727810000000005
264.9639330581199 -23.537697601082144 -0.045466003435412315 16.620096 2.219491999999999
265.5857098838797 -23.369398275016113 -0.10426599493524993 16.621601 2.791815999999999
265.19623961675813 -23.18030336467772 0.1911593257412015 16.37081 2.5775180000000013
263.60094205557823 -23.67301763054107 0.12510950797510986 16.786905 2.2431329999999985
263.5569954325895 -23.221356834487356 0.16099480470896127 16.985088 2.1609520000000018
264.4915907383341 -23.092444265107144 0.12690492625129943 16.949495 2.9138709999999985
264.6929327905046 -22.512375561625 0.08717578685847019 16.043243 2.375329999999998
264.39492211399124 -22.57224013700635 -0.10168740533606838 16.165041 3.253566000000001
266.010217819758 -23.034149419472623 -0.03360499769208809 16.153337 3.14518
265.8455513872379 -22.710358307928686 0.7248133155554384 16.954239 2.318754000000002
265.50985668013885 -22.57712054112591 0.2348636166353879 16.037493 2.1598059999999997
266.5834066313869 -22.555904133911405 0.25467127366054804 16.623327 2.131037000000001
266.7798226033706 -22.184082285270147 0.6164172847739653 16.172726 nan
266.0924718892702 -21.828538976711226 0.3161971565635542 16.769619 1.977561999999999
266.2816672789754 -21.770960972800992 -0.054639785254663155 16.466606 2.716255999999998
265.0515149169166 -22.213421442345272 0.14441078090133813 16.780125 1.7900919999999996
265.3926901894759 -21.829987364017345 0.05368810823528174 16.826757 2.190150499999998
264.6923176687061 -21.82058141340556 0.136669724112346 16.666319 2.8723839999999985
264.94594213529706 -21.52123495316165 nan 16.608068 nan
265.7537615112649 -21.546770977508782 0.23846058698159997 16.802639 2.067275000000002
266.12226685841097 -21.227738042417343 0.2728533856915615 16.77081 2.320171000000002
265.39381296626533 -21.09671807850387 -0.014116469546592032 16.910072 2.047455000000001
262.7397274787582 -22.991118283243356 0.03844419804450145 16.849266 2.4683490000000017
262.99716532208373 -22.36462549110739 0.6347828766731475 16.861462 1.9894730000000003
263.7588667987541 -22.186673296344637 0.34321510941418953 16.121418 2.0421699999999987
263.4029859251395 -22.209556909784 -0.08705867257201724 16.965141 2.0521589999999996
263.8493406606646 -21.68400459014406 0.5972827649836476 16.808874 1.5509419999999992
262.5187643432843 -22.017782038018034 -0.022966391987088206 16.253372 2.749393999999999
262.7246065650195 -21.672876615829672 -0.0546522453239591 16.98755 2.301017999999999
263.1581864569111 -21.164610828385264 0.9340514345459418 16.496939 1.9440849999999994
264.81488947042317 -21.54395304864109 0.9139610856154193 16.71702 1.708890000000002
264.7547296894217 -21.317959514405622 0.009362520954838074 16.62342 2.275566999999999
264.2350772173134 -21.193555861844278 0.5776902689077269 16.910994 1.6988240000000001
265.1752402996404 -21.161809167028146 0.2682196319539107 16.251717 1.6991270000000007
265.3695603526762 -20.98669887918908 0.28887860268297144 16.6181 1.993494
264.83813112836293 -20.93951784686142 0.5092218305150382 16.655827 1.4135590000000011
264.81114393385997 -20.370152937031925 0.025416613072501443 16.52184 2.6116259999999993
263.592629082138 -21.020249764426147 0.23637345862007766 16.013502 2.047511
263.97783879153235 -20.62381196750894 0.5541755408667085 16.726618 1.305968
263.69058614046435 -20.319777719181747 0.0666676490557427 16.60395 1.9865500000000011
264.27774438158144 -20.15183985024738 0.040994812315117216 16.949873 2.3107489999999995
264.3500160497213 -19.674313916189078 0.6567099077324183 16.103273 1.9826599999999992
267.50796197999836 -21.357451703184 -0.17101442428886213 16.879683 2.6022820000000007
267.08671635222635 -21.218923812940933 0.09176774137746317 16.398973 2.3315375000000014
267.84107543591983 -20.94072811750157 0.060255741067022715 16.25808 3.1357300000000006
267.7005946650197 -20.716344038671288 -0.026253338709745184 16.662603 3.1193240000000007
266.2680104137408 -21.10645909558777 0.5075320696964413 16.255402 1.89926
266.8437038520724 -20.446259743197892 0.15699007632482195 16.601542 3.008601999999998
267.3735598102068 -20.31437881066087 0.1071449851683673 16.65849 3.1726010000000002
266.98646069390605 -20.074946659576863 0.031065107504770605 16.857628 2.197840000000001
268.883728833597 -20.41910380720308 0.003784319547482114 16.523144 2.6929050000000014
16.086725584611923 56.562065476263086 1.1157251729764015 16.137892 1.4660750000000018
268.6724085003501 -19.845260551670325 0.3080255919264744 16.570616 3.0819220000000005
269.08211316082975 -19.295406516623707 0.3199360493212561 16.99706 2.989141000000002
268.1623475225459 -19.591522340556057 -0.1341462802393825 16.895458 2.5208630000000003
267.7907798543546 -19.14952873508611 0.24749264625115683 16.52759 2.476291
268.8886942432105 -18.612894140257044 -0.11444031507911542 16.987078 3.258296500000002
265.66869125990166 -20.55097307387771 0.07906431356929362 16.236378 2.544798000000002
266.1274033993719 -20.17080800116936 0.13085886467548422 16.488852 2.0302369999999996
265.579484215283 -20.19900316025212 0.11917119514186632 16.240538 2.139952000000001
266.4555651653535 -20.00049222941568 0.06422150358219121 16.788158 2.141864
266.9286907014732 -19.570937216107396 0.29872206238937565 16.173388 2.343128
265.851936205707 -19.532259902008004 0.12990515494524837 16.913626 2.2805990000000005
265.05406773402314 -20.049191151203726 0.13562494803264039 16.91975 2.394981999999999
264.84858978394544 -19.487506649671133 0.3459001584816813 16.939575 1.827489
264.91871198666206 -18.998289590521853 0.27208310541917746 16.960407 1.7586940000000002
266.05715104492106 -18.659357131644562 0.15705565416557357 16.670107 1.235316000000001
265.6952406664949 -18.677602919041142 0.046340665435066736 16.907745 1.857832000000002
267.54044142130243 -18.917275316945048 0.10696414891280613 16.866993 2.502274
266.60712123641974 -18.935352216080542 0.32746796624143737 16.460518 2.3377640000000017
268.0437990121089 -18.639748079211866 0.07330479386635207 16.960772 nan
267.3915804711938 -18.363445912946684 0.1781294550969919 16.355663 2.0590139999999995
267.676860440532 -17.976654854662254 0.034323210472567624 16.158165 2.330373
266.71762691754753 -18.23762699757299 0.09411932550662667 16.499336 2.303688000000001
266.0844723780194 -17.974388246276423 0.34085500252167084 16.645185 2.1407359999999986
267.1701781734375 -17.901299029633623 -0.16475112069391767 16.994396 1.951512000000001
266.71952088273696 -17.772294368643543 0.3022055403607656 16.25724 2.0757259999999995
267.09986549338464 -17.308121425631846 0.14767881404182384 16.79551 2.003376000000001
261.2374393336201 -21.278213361640898 0.20210097084111928 16.94545 2.332975000000001
262.5712909215692 -20.51379754948969 0.10961652765287014 16.597523 2.8473120000000005
261.0281289999704 -21.177615381804863 0.13687213379870933 16.735046 2.058985
260.77069377475584 -20.335094120161934 0.22352550717867514 16.9279 2.024521
261.34090053999444 -20.006104962753092 0.0401933689307413 16.185186 1.9307600000000011
263.39407134067454 -20.13911444307188 0.10673507064423071 16.9576 1.9261759999999999
264.03331939882247 -19.350413010551794 0.1271873129210182 16.277498 2.046458000000001
263.52433578295154 -19.053812162310134 -0.10278059810964311 16.919054 1.6663310000000013
261.76369969863504 -19.639943762549294 0.15946421939895247 16.814526 1.9196339999999985
263.24402918340627 -19.05484955101106 1.32499061704087 16.67919 1.7445034999999987
260.2014843651748 -20.59297128793492 -0.16404202259468098 16.951498 1.514837
260.02697409224993 -19.876770881188623 0.519908000822583 16.158678 1.2021240000000013
260.33308767380555 -19.586861601371375 0.24421011149336477 16.52219 1.558294
260.13575024879293 -19.001561076836452 -0.17250480795394316 16.680952 1.848077
261.6627687592623 -19.217422046833523 0.2065075439104921 16.349606 2.1646174999999985
262.7632859235768 -18.386749862925125 0.16724655158855353 16.308409 1.8504839999999998
260.85407966817496 -18.784401612908542 0.576122884182628 16.785307 1.5901589999999999
22.432251756507114 56.30531793191931 0.4009854758706423 16.687374 1.2302099999999996
261.3862024722444 -17.495576067659517 0.15476337156204614 16.47529 1.667470999999999
264.69986671972714 -18.859481271060915 0.5458131019672365 16.961226 1.4841740000000012
264.2377605016057 -18.70191167347746 0.10117327772194197 16.539074 2.014564000000002
265.0430558678005 -18.486743530467002 -0.13686586238462484 16.204521 1.959604999999998
264.7793555981411 -18.346661506304837 0.4278620912403226 16.375439 1.650767
263.83687116744454 -18.6486972892395 0.1504162952180644 16.754822 1.548595999999998
263.31729122592515 -18.169975001418038 0.23922910946700335 16.25549 1.8566980000000015
264.4156485564537 -17.705510283054412 0.2849383853477499 16.127682 2.0933639999999993
264.32582605364695 -17.086619618849895 1.3684821912171072 16.631575 1.6705380000000005
266.309201893642 -17.52894976567546 0.036600186041782244 16.7411 1.992846000000002
265.75399731521514 -17.49407732463482 0.657088175987112 16.859106 nan
266.4362450259749 -17.21700786322556 -0.01908690871305382 16.837412 1.7207080000000001
266.26378379366633 -16.708644141228163 0.8781475995692452 16.897617 1.6872820000000015
265.11846378051115 -16.968657235357007 0.3299539668756902 16.538713 1.538886999999999
265.9434917025248 -16.564788487553688 0.16824757409220856 16.158026 2.2759209999999985
265.5633654344697 -16.445202497090097 0.08935651782645367 16.345034 1.5352119999999996
263.2071500889654 -17.759165777044284 0.20375712737574475 16.105572 1.6072299999999995
263.5111738701745 -17.32177135112129 -0.3248782196332138 16.760967 1.5675879999999989
263.43602472035485 -16.682432226036195 0.2172747972577555 16.439953 1.0330110000000001
262.18561760408716 -16.703553943376562 0.20687815651227576 16.831507 1.4942799999999998
262.53769554297713 -16.349078514217894 0.36209173667328187 16.811325 1.2325110000000024
264.70677016925345 -16.190345962390236 0.09153067987577919 16.036213 1.7786840000000002
265.7036249038352 -15.702627587134879 -0.12274456216279114 16.648191 1.7154540000000011
263.5914490661295 -16.25292010988912 0.9214005637899495 16.91977 1.407636
263.42228675500144 -15.440611328733906 -0.019261707447604904 16.810911 1.6590950000000007
264.21220148062207 -14.838486642064012 0.571475575535494 16.798191 1.3424840000000007
253.9465091570823 -22.908785735913998 0.5769993638715885 16.528305 1.3219575000000017
254.17389632427583 -22.827144250576737 0.46448498085323464 16.41441 1.6749209999999994
254.05742051748587 -21.741554097729523 0.12879700948160436 16.17363 1.3750340000000012
251.60854517454717 -22.635992529547647 0.3200612869984685 16.622557 1.4709120000000002
253.07702955782358 -21.97544154767891 0.15204808892285887 16.83461 1.4706130000000002
253.71483288349737 -20.288097537331737 0.47366871713944414 16.089005 1.4509329999999991
255.83156380120903 -21.16852842132703 1.0223174264485366 16.85865 1.5240229999999997
23.95752665979242 57.32656419816229 0.9375032696957402 16.130287 1.4304520000000007
255.94968712000093 -19.50123144235131 0.41901958152645463 16.91447 1.110126000000001
257.81423181534075 -19.647389324969964 0.7147538629874559 16.877953 1.2417100000000012
257.2365030433948 -18.963927078193485 0.3405322741313519 16.825363 1.1177930000000025
254.59510861654303 -20.274512349926304 0.1979599333199056 16.80437 1.2008170000000007
253.56471471787 -19.49208747276075 0.14704017325529978 16.603178 1.4814419999999995
256.5548591441415 -18.34329849131828 0.7969999166456325 16.958687 1.2940280000000008
255.98037178094884 -18.15878944692872 0.21279341148364495 16.189554 1.7118649999999995
21.519590678052868 57.771161540988174 0.44654203234442025 16.522373 1.715052
252.38143233416383 -18.876140968727125 0.2998483985808545 16.85185 1.3610530000000018
248.68749161623245 -19.557320970306847 0.01830297676900922 16.172056 1.7804079999999978
250.17596919291987 -17.69615492926871 0.11197339938843091 16.210413 1.8150340000000007
18.126924152823758 56.858084802816215 0.4626563824281912 16.288551 1.437838000000001
