notebooks/format_examples/gaia_5col.ecsv
# %ECSV 1.0
# ---
# datatype:
# - {name: ra, unit: deg, datatype: float64, description: 'Right Ascension (ICRS, J2016.0)'}
# - {name: dec, unit: deg, datatype: float64, description: 'Declination (ICRS, J2016.0)'}
# - {name: parallax, unit: mas, datatype: float64, description: Trigonometric parallax}
# - {name: G, unit: mag, datatype: float64, description: Gaia G-band mean magnitude}
# - {name: BP_RP, unit: mag, datatype: float64, description: BP-RP colour index}
# meta: !!omap
# - {name: Gaia DR2 subsample}
# - {survey: Gaia Data Release 2}
# - {reference: 'Gaia Collaboration, Brown et al. 2018, A&A 616, A1'}
# - {arxiv: 'arXiv:1804.09365'}
# - {g_min: 16.0}
# - {g_max: 17.0}
# - {n_total: 78920842}
# - {n_sample: 10000}
# - {sample_stride: 7892}
# - {ref_epoch: J2016.0}
# schema: astropy-2.0
ra dec parallax G BP_RP
[from data line 9483]
275.9203087775335 -54.28325528014064 0.7080065153675433 16.982567 nan
270.1691029393485 -55.49474987266995 0.8268166355134695 16.801634 1.236179
270.6602024847456 -54.28863422285328 0.1573306517613387 16.960205 0.9238110000000006
275.13423387236526 -53.08256171611619 0.3532555007034571 16.970552 0.9199149999999996
276.2273388928273 -52.24642538016001 0.3738409439945031 16.848146 0.8955990000000007
278.81488871018865 -52.74008478203466 0.4578149936490762 16.435514 1.005787999999999
283.77761098215757 -51.18424025956755 0.4391719266679148 16.81201 0.8835470000000001
277.97520909780474 -51.90992173285377 0.20755799347357268 16.134556 1.175127999999999
278.58139708845255 -50.852631298050305 0.4005761489403488 16.682926 0.8540419999999997
281.1614444754129 -49.608311853643464 1.1262425169409076 16.759985 1.405857000000001
285.2569252598049 -52.97694665831862 0.1747204137230855 16.905622 0.9212190000000007
288.08599137105693 -50.87487191718612 1.0520375430314373 16.68873 1.1323669999999986
286.01219124519815 -50.917214636797205 0.8710850511638671 16.281494 1.1415630000000014
291.5702880868059 -50.132273664058744 1.0114163761730162 16.411009 0.25496499999999855
294.81326034306625 -47.86235178097735 0.7571683567629399 16.39105 1.1183870000000002
291.4775905375533 -47.436081103670375 0.8617307299971587 16.119987 1.1711549999999988
283.86064418957056 -50.55744763405091 0.08899057564331177 16.994762 1.0821690000000004
287.6724673507973 -48.63660473566402 1.1177566014749623 16.998138 1.4728339999999989
283.4383546462888 -48.94641673185446 0.5270905233258665 16.190521 0.9464690000000004
285.13935282104535 -46.80715901561988 0.18603541937362414 16.348747 1.1267410000000009
287.78145778694346 -45.402504662278 0.21790625670721755 16.976557 0.9378780000000013
292.99547405311534 -45.630540832750036 0.9712592244427537 16.31159 1.308249
288.64423956324043 -45.10924204537694 0.6833238425396294 16.320105 1.0251819999999991
118.2587728478887 15.478838799240307 0.4960719530511268 16.669104 0.8509409999999988
302.2788550719633 -51.553309326084054 0.0917336614628362 16.531786 1.060727
300.7845644472708 -50.431694408193096 0.1760154150941286 16.415802 1.1135649999999995
303.5674010000822 -49.413405792846454 0.591561358656626 16.149096 0.9657870000000006
305.75381276268166 -46.13509094848808 1.781542720640928 16.782963 1.955805999999999
300.8997111900948 -46.686603313798855 4.2351710908762135 16.108154 2.3306379999999987
299.9874964709137 -47.01781549499791 1.0375744668629459 16.537996 1.40991
305.1481054968668 -44.685308642141784 0.4414519824579894 16.427803 0.926247
303.56749883045416 -43.35422082563238 0.8900978475561054 16.156845 1.1043500000000002
306.805979928903 -45.63316231903514 1.2719950838910394 16.126457 1.3426989999999996
312.19538102808275 -43.37310139548922 0.29428236311231887 16.986511 0.8101289999999999
312.6895982734189 -40.070450536020374 0.07012863779604349 16.674555 1.0193750000000001
307.14602670897625 -42.33943467861232 0.3024020214533289 16.537151 0.8764089999999989
309.5518917151 -40.98023497718653 0.5112270447135006 16.959381 0.9676189999999991
306.9172537517271 -38.55008872056439 0.38445078992522225 16.866737 0.7175000000000011
295.3705098377669 -46.85636543146046 0.4335000318897835 16.25647 0.8686179999999997
296.53110881476607 -44.62657089378129 -13.278818170237589 16.742308 0.9433900000000008
296.9594912722652 -43.24537155804561 0.22717086522982244 16.484898 1.0713959999999982
301.642980269703 -41.790263037171606 0.4127094367025421 16.651756 0.8983589999999992
300.76078492559293 -40.199559292572395 0.5183174539860145 16.464336 1.0786890000000007
295.26220137112705 -42.170927144028084 0.7093431058770611 16.849005 1.364066000000001
294.50488347934674 -41.545123521431535 1.2356555308302917 16.372366 1.9400079999999988
294.35418454483045 -40.36372684953391 0.7350340364547537 16.38387 1.2538279999999986
300.34436350756454 -38.48622350160248 0.5230567015275662 16.017147 0.7736059999999991
296.98424812515896 -37.5599449224814 0.3111386984496541 16.61134 0.9386450000000011
304.444415026655 -40.04752774283247 0.74901190242217 16.96045 1.044937000000001
302.28929749218156 -38.288612133803 0.46641126240229813 16.688028 1.016725000000001
306.0759882823674 -36.736995739571505 0.6802871031316139 16.950212 1.366059
306.7137951832709 -35.07698559608889 0.3945452684611122 16.815742 0.8516459999999988
302.03522639641966 -36.70637553636877 0.39413309916862904 16.415342 0.980124
299.34129123862886 -34.43939645441048 0.6281621727872406 16.582844 1.0578769999999995
305.18835309431194 -33.753250638112256 0.19956021603614135 16.014818 1.1769539999999985
302.1033312690097 -32.02842144034875 0.8177257952152976 16.29978 1.154316999999999
270.27514137631397 -53.70175333001158 1.1290475535712077 16.577833 1.7699359999999995
272.3418361874025 -52.315187739782814 0.03786920872170378 16.971994 0.914434
275.32139116553884 -51.69216555509805 0.4743740993881062 16.709066 0.9885669999999998
275.03462667037235 -50.80220678317641 0.21998724178073234 16.950865 0.7539719999999974
272.96864720888186 -51.45105305797829 0.24336104011879756 16.242683 1.0124490000000002
271.24277213703965 -51.023336221328584 0.9161647806315012 16.932009 1.0056860000000007
274.99264306416836 -49.86828837523695 0.3365000960668613 16.714516 1.1003320000000016
274.4595883032748 -49.52305230258116 0.36772383419168597 16.500774 0.9134079999999987
279.3284888921103 -49.95632226672268 0.40393329568211506 16.08917 1.0073290000000004
278.52953255327765 -48.821827406993684 0.41654721959064717 16.997551 0.8726459999999996
280.76815990644155 -48.32081353498742 0.5871712574815563 16.698963 1.0029889999999995
277.24917312977067 -48.80026062497747 1.0163041173263094 16.946901 1.464389999999998
276.5583904321081 -48.285926244271806 0.15175242649245074 16.519096 0.1697620000000022
280.36228583997405 -47.16897620204793 0.366518487989932 16.162401 0.8929240000000007
281.13871250984016 -45.77366453386062 -0.01805939832186585 16.945934 1.0952790000000014
272.42186250882213 -50.03239790989873 0.06833730024299761 16.571735 1.3399710000000002
272.1790256918035 -49.17087089682146 0.28633010759110245 16.498459 1.2176349999999996
273.8658096062978 -48.8275080908632 0.1915569611804191 16.738693 0.8382219999999982
273.7301332270647 -48.23347631656544 0.5793745906832863 16.219763 1.059835999999999
271.5582930440829 -48.84609016649096 0.6645143738252274 16.466711 1.127976000000002
271.8810912546682 -48.175498597699786 1.165694126207466 16.589176 1.3998059999999999
271.9527882392713 -47.944881391392755 0.6384293351382304 16.333197 1.0863600000000009
274.43315409892523 -47.29305200920348 1.375225466718663 16.60769 1.6585779999999986
273.72592369413513 -46.695022059125534 0.3430241371554586 16.144705 0.9140565000000009
275.68066096223566 -45.63073083968371 0.4060466274816225 16.275396 1.0057750000000016
279.08909176883736 -46.070812251135024 0.25226179599828047 16.939266 0.8668860000000009
278.67275324942557 -45.38279079837096 0.6984888734978724 16.664738 1.1665690000000009
281.04061658307415 -44.88875279570128 1.644334362070815 16.834707 1.752028000000001
281.3143114975217 -43.81293249008913 0.7148623958527487 16.696852 1.1248680000000029
278.6463843917356 -44.33158019520565 0.10640507567051594 16.483534 1.19834
277.6325546617411 -44.35786687307611 0.4005517818444412 16.105734 1.233188499999999
281.1025633055251 -43.34184164281907 0.3245714673079176 16.852516 0.9089599999999969
280.22867464314174 -42.55075629608443 0.4891405183150612 16.648584 0.8867909999999988
283.8553117864718 -46.488343789984306 0.16580549555987337 16.581648 0.8543780000000005
285.5402324644659 -45.46590585097165 0.5106156676148376 16.66037 0.9004189999999994
284.8030461996513 -44.66971516583328 1.646342364218211 16.947666 1.8267060000000015
283.39152079938276 -44.385102178512945 0.6451132024832393 16.403915 0.954801999999999
285.90028854381416 -43.07635145075679 0.24200324925357572 16.802372 0.8954339999999981
288.54331448236496 -42.76400605002417 0.356480208628598 16.784712 0.9414639999999999
291.3538400920943 -41.20651534729669 0.9471005353778613 16.855648 1.440999999999999
287.6204288607522 -41.52118647598446 0.10997747531327125 16.923096 0.8950030000000027
288.8976798505939 -40.2068945314401 0.5527831233400983 16.787334 0.9595699999999994
282.2116262044225 -43.83298381841785 0.4991385279897226 16.570763 0.8862379999999987
284.47486226417345 -42.81571840781712 -0.5640821467052407 16.36636 1.1395120000000016
285.1336339033118 -40.74365800789448 0.31416364859530055 16.638388 0.9867840000000001
282.1028678030102 -41.77303633995393 0.5337079252951142 16.493616 1.0488420000000005
284.63146586457634 -41.13186120840364 0.191664797825159 16.64561 0.623545
283.5342706118488 -39.83664152098873 0.5774821514855013 16.362165 1.077928
285.9791100223646 -40.47482059280667 1.1860694031609023 16.729263 1.475465999999999
116.87337806697916 19.50806158933785 1.4815497745542325 16.478151 1.621512000000001
285.01029106346834 -39.65751303973836 1.2020619264571044 16.219046 1.3897329999999979
286.9997843029632 -38.47828887730776 0.4541162137125007 16.45938 0.9873599999999989
270.4498739646811 -47.731199558265594 1.5193057443359843 16.483568 1.739161000000001
272.0810792606602 -46.754009830222024 -0.01697808239770944 16.001982 1.2659649999999996
270.69403763815404 -46.55105820701501 0.38946435143765046 16.635216 1.115480999999999
273.1099705525204 -46.16291659027367 0.7326952538817035 16.520998 1.2193989999999992
116.6646100721985 19.592136418399107 0.3090540304987563 16.722914 0.9295909999999985
273.267085278509 -44.89456198320827 0.39565952803546817 16.663996 0.943913000000002
271.13523753534406 -45.88183211825403 0.19622804091334586 16.86763 1.3247299999999989
272.03509821944186 -44.99670476968674 0.040581018177080166 16.387848 1.4498329999999982
270.3848523341833 -44.828554989275375 0.1407107129823884 16.114143 0.4626070000000002
271.7931495957108 -44.29266078873666 0.24310690174622843 16.306822 0.956449000000001
274.2477162818931 -43.72538588065101 0.26912329743523616 16.94945 0.9446639999999995
274.3319127664955 -43.38010112955214 0.48093653118246216 16.255646 1.0291899999999998
275.6298071162845 -42.23874881138146 0.7640696559048388 16.382225 1.2622570000000017
276.98779574297276 -43.683915693872706 nan 16.91202 1.3110490000000006
276.55322591088606 -43.49187103243235 7.3026242467879445 16.925968 1.2999050000000008
279.44984002307814 -42.54992769073906 0.15699487794214836 16.946686 1.0390230000000003
278.6234685278753 -42.4795615689516 1.270111622379948 16.8396 1.9390710000000002
279.28053707434213 -40.869397128783895 0.17100057094675394 16.778473 1.1647679999999987
278.1714687939537 -41.92147944195319 0.6266005707327886 16.880575 1.1899499999999996
276.0994532747787 -41.663409224175595 0.19335381581193417 16.749182 1.1682000000000023
278.8551183827789 -41.21182646405908 0.3648246222906758 16.659155 0.7155349999999991
278.9163871961681 -39.7566370636462 0.39679604474144337 16.33474 0.9197540000000011
278.1350635524186 -39.861513955001044 0.38924572320150475 16.456795 0.893027
270.32179211331044 -44.37005730706018 0.042014399972069814 16.89965 1.2147460000000017
113.47723232990151 19.249242239239457 0.4962072824170391 16.921156 0.796007000000003
270.404774353977 -43.76726142370473 1.159307998389248 16.89004 1.1996970000000022
271.8566196238971 -43.177440707204994 0.1861350983477737 16.691805 0.9845869999999977
273.02901805725173 -42.94421990726172 0.6368775437025328 16.024496 1.0247199999999985
274.53714093754377 -42.17737755308514 0.7534047747380259 16.110197 1.086646
273.75309494745517 -41.70237222872498 0.20340817847174641 16.472486 1.0761389999999995
274.09372261220693 -40.96817509659331 0.7132354820032656 16.33834 0.9959889999999998
271.07620684403776 -42.75124378035152 0.3692496200555037 16.575804 1.0375200000000007
272.26569062665834 -42.0142486542657 0.2571335366234355 16.383463 0.8272500000000012
272.12201354825316 -41.19242199871474 0.377765165649633 16.0863 0.9095390000000005
270.76372132890106 -41.532430452859614 0.3724110657715976 16.62231 0.9604399999999984
271.2464680906014 -41.085520247698014 0.23898203188924325 16.836737 0.9417480000000005
272.87547780511795 -41.280512252526556 0.8449633567723651 16.402151 1.257938000000001
273.57070258086515 -40.504329755253806 0.6243596368018032 16.092043 1.1342719999999993
272.15254134914943 -40.888669163550816 0.7020928547277222 16.030233 0.9500959999999985
272.4365487156915 -39.86411990568136 0.0035264411452392854 16.53991 1.3018180000000008
272.8969845180985 -39.431739322729925 0.3136028117415793 16.514824 0.9658940000000005
276.1634192811415 -40.89484692848317 0.07706846827110302 16.986223 0.9744949999999974
276.779030514892 -40.24287948782745 0.21822698658903264 16.878477 1.0434720000000013
275.0542947539641 -40.265900661603375 -0.3739509212021231 16.75169 1.0557860000000012
276.26607998946065 -39.50603482802539 0.11677675283158606 16.242733 1.2950510000000008
276.67276787938147 -39.13945945397259 0.41109778869609 16.631783 1.0993249999999986
276.372090390305 -38.735036048536216 0.31872750332948985 16.050892 0.9106529999999999
277.2025564045485 -38.23752998940678 0.8871187094187972 16.650114 1.228567
274.3497406564771 -39.903737137309456 0.9161640774793266 16.905142 1.3139709999999987
275.04605970752255 -39.18846582639406 0.3018952302738891 16.67429 0.9398230000000005
273.47875802641806 -39.151915660138656 0.11725497474099217 16.276987 1.093214999999999
273.03203786300827 -38.82675245879147 0.29073241166884506 16.786894 0.992290999999998
273.9921749216743 -38.076583255043936 0.022737448826109896 16.61833 1.2907010000000003
275.98823860087344 -38.232223887965 0.13630373227058565 16.12172 1.376312999999998
275.5790792812914 -37.4580678760432 0.10000408401542005 16.970139 1.3486949999999993
276.50829394905304 -36.67875971184302 0.2863201907321364 16.703562 0.8920780000000015
274.9900032150408 -37.05449297534776 nan 16.835632 1.1350569999999998
275.3152183845018 -36.690595850554864 0.07091094040875232 16.73509 1.2602089999999997
280.67753094058185 -41.07974892157252 0.021616987969084234 16.739882 1.121964000000002
280.51355909418066 -39.848504624780844 0.16804452673785172 16.467379 0.9630200000000002
282.5680612156817 -39.06428483613921 0.797590615062288 16.42128 1.1217929999999985
281.8511856962422 -38.286855312363514 0.9437879834697364 16.867739 1.4240670000000009
279.52814420429866 -39.04796177529755 3.567521080806359 16.225395 2.4394930000000006
279.49920314367137 -38.851378607332634 0.4396957881363209 16.955818 1.107216000000001
279.66299225107974 -37.6376458532012 0.5742244066516897 16.81325 1.0630929999999985
281.6927978581908 -37.31360599305909 0.3440517116218853 16.673326 0.9158480000000004
281.55164251442267 -36.58192603269522 0.3228192202135817 16.960344 1.0708920000000006
283.85094304451707 -37.56353679453945 0.8581085830022086 16.647394 1.1998490000000004
284.0102531054018 -36.55999062438774 1.9503990399628097 16.14482 1.9061850000000007
285.99922753495144 -35.1662288850502 -0.3133653347693917 16.245506 1.296410999999999
282.69478481099156 -36.82725414571645 0.11847562353528203 16.669191 1.2926309999999983
283.4918879815574 -35.142695343109004 0.4768324326695604 16.827618 1.0569799999999994
282.9103153009928 -34.57019632522254 0.21465199565386506 16.781075 1.2964580000000012
285.143340895826 -34.14579933894152 0.281720994345915 16.92802 0.8899460000000019
284.65433554036156 -33.483394595142315 0.6572814165382636 16.402737 0.9644559999999984
278.56762346328543 -37.490654142680995 0.44830089443520427 16.979542 1.0038160000000005
278.93932362889456 -36.72625201629976 0.5211945270954556 16.648758 1.0008050000000033
59.06300872890073 26.61337810753037 0.20174219945526575 16.890259 1.1023330000000016
280.0695048549818 -36.224995133920615 0.1817112041300161 16.019531 0.9542219999999979
280.67845888326906 -35.48606014199187 0.41723751393960745 16.781113 1.1716809999999995
