notebooks/format_examples/gaia_5col.ecsv
# %ECSV 1.0
# ---
# datatype:
# - {name: ra, unit: deg, datatype: float64, description: 'Right Ascension (ICRS, J2016.0)'}
# - {name: dec, unit: deg, datatype: float64, description: 'Declination (ICRS, J2016.0)'}
# - {name: parallax, unit: mas, datatype: float64, description: Trigonometric parallax}
# - {name: G, unit: mag, datatype: float64, description: Gaia G-band mean magnitude}
# - {name: BP_RP, unit: mag, datatype: float64, description: BP-RP colour index}
# meta: !!omap
# - {name: Gaia DR2 subsample}
# - {survey: Gaia Data Release 2}
# - {reference: 'Gaia Collaboration, Brown et al. 2018, A&A 616, A1'}
# - {arxiv: 'arXiv:1804.09365'}
# - {g_min: 16.0}
# - {g_max: 17.0}
# - {n_total: 78920842}
# - {n_sample: 10000}
# - {sample_stride: 7892}
# - {ref_epoch: J2016.0}
# schema: astropy-2.0
ra dec parallax G BP_RP
[from data line 2293]
80.61008134048068 3.386691928979089 0.052488991480223596 16.807257 0.9014109999999995
79.45608381007762 4.7326243596203375 0.7509297662228424 16.911322 1.150221000000002
76.3314605297557 3.53951216519169 0.7644645054741688 16.980024 1.3477000000000015
76.46455013487157 5.33215126293591 0.1912016729928479 16.194183 0.8884454999999996
77.75660142004617 6.330271873791498 0.034367868309801486 16.097727 1.198976
33.75811660370856 30.167486396516008 1.1765423365653558 16.507944 1.5224010000000003
60.39822290301734 -5.913986592093135 -0.4944964644111088 16.812958 0.9529449999999997
58.68221223619547 -2.3305840711532926 0.5042615293574959 16.96109 1.2992480000000022
62.37820611102162 -0.6706719578074734 1.991387826872254 16.792511 1.9047710000000002
32.107736131019074 33.748617362338194 0.6925221567493849 16.753084 1.123032000000002
50.899974515324885 -4.0266552904213055 0.6824344482934322 16.021248 0.9958150000000021
48.53699195489991 -1.3686527277854212 3.2448440806763204 16.353346 1.9851559999999981
56.28075383882398 1.0735524040407496 1.9658553927900904 16.430225 1.8607710000000015
37.044770162056544 35.370747858937925 0.9078876589823202 16.952082 1.430527999999999
54.0189876930895 5.963334155325679 0.589114330096556 16.217527 1.1366235000000007
67.0561618396882 1.7797978641691228 1.1429636091257611 16.973196 1.5499839999999985
70.08418343982866 4.690357353769699 0.8384692879546045 16.074972 1.255927999999999
63.260400740602314 3.6242332436986056 0.734239747759075 16.909948 1.4234250000000017
66.71686688582751 7.747288328758814 0.16843787071513053 16.782986 0.9739930000000001
74.14849508065828 7.161351015062597 1.987812626137874 16.379225 1.7892400000000013
76.02832574743135 8.756801170778331 -0.5709000549793665 16.44042 0.8317409999999992
74.14694278043217 9.31741566065103 1.4590674908069694 16.45939 2.0332369999999997
72.25188336975522 9.686169096705804 0.5353064302576889 16.117527 0.9665219999999994
72.19661415912745 10.815960229910555 0.5486935413788824 16.120342 1.3128610000000016
72.23577776483899 13.31611696970167 0.7760813178423515 16.728857 1.532312000000001
64.17583258810949 8.574334111726243 0.670770756495356 16.878338 1.4529119999999978
30.732309712537102 36.13450194096639 0.1268600670365581 16.682789 1.1761540000000004
67.26070039274397 10.110726497195733 0.8018729578825494 16.636068 1.2390150000000002
66.80662230318619 13.85891680194814 0.5650420370802979 16.048273 1.853647500000001
71.15841493825502 15.783593066300492 0.8146495402039481 16.426168 1.4665809999999997
64.01798725522326 15.243126003536835 0.6488367855229329 16.37342 1.3584169999999993
68.10870261766823 17.581160884466122 0.648509106939831 16.440647 1.2783120000000014
91.87119476137289 2.219909163256035 0.25033319292732764 16.658173 1.299766
89.86328390408606 2.9667630968515266 0.6601283168268532 16.646421 1.4349560000000015
93.54478460913319 4.0691875743645145 0.5327530073694248 16.773445 1.3560680000000005
93.47602992197822 4.328390562527235 0.3095621271161605 16.415068 1.057988
92.18879083127636 4.302829532804776 0.388536558184088 16.98791 1.174674999999997
93.04243516992449 5.572770469132358 0.16906092944235426 16.869635 1.2164020000000022
93.27531871907522 6.432310598682771 0.4052670254587545 16.40148 1.0702759999999998
88.70020289317354 5.676629490871614 0.15233507206458904 16.70328 1.614555000000001
86.84370213427569 5.456120213861523 0.14883548130495675 16.528393 1.1482329999999994
90.02141052906673 6.626900989798828 0.7429253345696173 16.924255 1.3071410000000014
91.60116298183735 7.896263858876521 0.63837221990691 16.629232 1.1904210000000024
87.42275403140098 7.018412059457231 0.2202519290138712 16.62476 1.4105939999999997
89.52519791025148 8.184208493036952 0.7173486281397788 16.083057 1.2001609999999978
95.60016876533135 5.868903386961819 0.589317558237527 16.642183 1.2515440000000009
96.61148540038904 6.5705310032931505 1.6849076189457992 16.942072 1.9171119999999995
96.37396875484977 7.305352251234011 0.13566384828960204 16.596174 1.4056279999999983
94.37855416697285 7.118493671098838 0.6698270064728213 16.506338 1.1693689999999997
93.9211045039622 7.83005662600352 0.41435389249196014 16.90668 1.157269000000003
96.4606311611189 8.530936521802035 0.7010937592144684 16.386429 1.123164000000001
98.61912323567485 7.8843064801412055 0.20412608478483676 16.49854 2.5343970000000002
98.41436774652838 8.426136536357637 0.2760682890943562 16.539284 1.2259849999999979
99.41577696037554 9.53667534303964 0.34243233047659244 16.827127 1.260825999999998
97.94933961620706 9.639601935696824 1.383011625641065 16.400412 2.591431
96.72603196452694 9.953949654483482 0.09824280402347707 16.85021 1.006414999999997
98.22558708549734 11.583670218238415 0.45207435624352676 16.99895 1.3316219999999994
92.5501013281373 8.674176872250928 0.8850744473047661 16.321367 1.2261915000000005
94.99828335523958 9.212162383849819 0.2963913103521042 16.575768 1.0405774999999995
93.76466965134843 10.076521454601922 0.19842220024602292 16.363457 1.010299999999999
90.08443752402887 9.66159323094529 0.14423185864595883 16.367632 1.0817610000000002
93.06431389391145 10.601744239191792 -0.5884757335416719 16.154146 1.0381879999999999
95.42978339379219 9.981302856911958 0.18300172190578404 16.525286 1.8637200000000007
95.63667292650831 11.10470970544472 0.15794848285790647 16.520187 1.0082330000000006
97.5740074129329 11.902567431190693 0.3270137166536548 16.611753 1.6605539999999994
94.66848933866545 11.856305667139836 0.891401358990755 16.13953 1.175533999999999
94.40408636647447 12.987882484271568 0.24514228343006178 16.4577 1.3434919999999995
94.71743483492445 13.544450302964352 0.004655722065082212 16.124998 1.460661
84.23454796892806 6.971786777171106 0.6185177173392632 16.883917 1.3077939999999977
83.74051412456578 7.6772809317455035 0.3725564600473673 16.206057 0.9905270000000019
84.76953713888618 9.142174571844842 0.2550144191263183 16.162199 0.9621570000000013
88.78375096443516 8.706940157180545 1.3662814881990162 16.720457 1.731720000000001
86.77085293815512 9.352624449454385 2.0184569312787337 16.63876 2.414968
87.1689622210986 10.466923286529543 0.3612724407619645 16.236897 1.0016099999999994
81.89384545337138 9.127850469596924 0.4060555006981428 16.870007 1.2746480000000027
41.31117439264573 38.46782274713523 1.033773178846368 16.660648 1.5113399999999988
84.45751980494332 10.182065946799394 0.8894572785536395 16.557993 1.4528440000000007
85.93139612031528 11.900695499512041 0.7490784732375189 16.867685 1.4173160000000031
83.22024922246885 12.240613008966976 0.5173589408336975 16.396187 1.2615219999999994
84.1912184154998 14.01747800452446 0.28493201584571076 16.185322 1.2776739999999993
89.16358412994849 10.736991267149907 1.2956998862204074 16.026007 1.413666000000001
92.11911843422978 12.11970859644854 -6.222836042651257 16.164597 1.8055880000000002
41.078686662720656 39.83027933510977 0.12509654137236562 16.859158 0.7501260000000016
89.00220755920166 12.452193696652277 0.13942127567389945 16.655867 1.0255469999999995
89.10245845311958 13.652450072460923 0.3780208264857189 16.763298 1.367718
93.31290824132985 13.638861621030465 1.2543388352864284 16.045279 1.4187390000000004
94.6775676643007 14.724059446258636 0.4820075887906469 16.408728 1.0799589999999988
91.875393765735 13.67169755643588 0.39411232602339746 16.56441 1.4930400000000006
93.36693979483844 14.96591698240013 0.8056047634198261 16.927471 nan
92.78887677307928 16.76358371131499 0.16657701995105892 16.699795 1.937837
88.06945890108057 14.002061322560287 0.20665243291746438 16.918406 1.3291970000000006
88.88690877145235 15.191732303610351 0.3857874003472395 16.139904 1.059603000000001
86.59845643402183 14.990307409164936 0.21419503390225597 16.962437 1.156048000000002
86.49331946202564 15.32785155633076 0.6702787407996756 16.53635 1.430546999999999
90.09791142740781 15.698988527146827 0.4256920707465858 16.72187 1.2876909999999988
90.95381478522405 16.43506526292395 0.1457688863552011 16.845308 2.486133999999998
39.5712134652636 39.13297402762463 1.6590701840820645 16.801773 1.635821
88.1770156717621 17.587197018705993 -0.20184777111421257 16.693897 1.743977000000001
101.16059800022985 9.920205412493328 0.0796461605059342 16.412708 1.040738000000001
100.89920982657293 11.247048426181452 0.43308363514066467 16.882607 1.410035999999998
103.37771709949565 12.093770123067149 0.4238238191358693 16.900051 1.1427380000000014
99.59884314038327 11.511538151323544 0.43363078754951734 16.112179 1.236343999999999
99.68899758059204 12.433676764412178 0.7151766024366797 16.958218 1.3162990000000008
102.02472659884569 13.149597121301593 0.6989779364665124 16.991917 1.7069769999999984
104.2278294546468 12.3383065901884 0.3976301427707927 16.947855 1.043334999999999
104.33490987995754 13.708563994462015 0.21984334993413557 16.871727 0.760235999999999
104.9103527590408 14.137820588658219 0.1777840310447131 16.136093 0.652239999999999
102.99642998342887 14.62907341832379 0.30330272281522297 16.89838 0.8658810000000017
102.5184066039446 14.888134031112582 0.2474920656858267 16.995092 0.8597699999999975
103.52715835875105 15.899267412366886 0.39880446513019624 16.325825 0.8837660000000014
98.85239904147049 12.946107251388668 0.27945035056138473 16.820797 1.0411929999999998
99.57511128467576 14.12343215645111 0.5849089997620833 16.073803 1.2784209999999998
98.90020764078606 14.728100682130803 0.6242719099935453 16.375944 1.3400680000000005
97.14526523325789 14.174994988850406 0.19221907278928052 16.686302 1.5861270000000012
97.09694447981238 15.587548874957353 0.24070036827242192 16.552616 1.0640909999999995
97.3050109563991 15.650180782863888 0.2898828274258552 16.165852 1.1610760000000013
102.50576683673448 15.747033771503917 0.11322327107318936 16.687513 0.8877670000000002
41.39007521406152 39.64889137584833 0.2845548499919417 16.254602 0.8257910000000006
102.07383993422721 16.491360009103136 0.2806425276241457 16.401863 0.8442540000000012
100.67150673631639 16.841107428339225 0.21135941405296355 16.439575 0.9073020000000014
101.72591027273457 17.434674177201313 0.5817237427630144 16.013155 0.9525389999999998
101.1604575126234 18.605942320477215 0.5368548059418301 16.779623 1.0493740000000003
106.71788011102478 16.18281197625415 1.2358886312117487 16.797253 1.201068000000003
105.47339962920654 15.89316948909405 0.2320553360332246 16.06561 0.9243619999999986
106.79269435252193 17.44422753349132 0.09727061980192617 16.83385 0.731149000000002
109.46502643408783 17.46677388500321 0.6374737714508389 16.17126 1.2332380000000018
111.06507918445106 18.50388951463902 0.5492256975176276 16.952368 0.9809419999999989
42.612149694310006 41.43322803243226 0.3142219128030707 16.133791 0.9616875
104.71616287110471 17.962152571108927 0.6003897873802821 16.272587 0.9256830000000011
105.34762673979154 19.06671063538845 1.92140211779398 16.897022 1.9235619999999987
105.37916169382652 20.522319186259168 0.1586247360421234 16.866495 0.7124339999999982
101.87435020633045 19.836899876775743 0.28142707493177765 16.929379 0.8951430000000009
103.11725343896904 20.830273114279308 0.6304672063226014 16.541548 1.066922
106.52760765721752 21.07249850918943 0.32446268787259347 16.824461 1.0507000000000026
105.10987638536263 21.440337111306214 0.8076899357088708 16.05531 1.0180419999999977
106.60782053666397 22.6184144124062 0.34745543390107586 16.604645 0.8606850000000001
96.46860303495123 15.450784401372823 0.6531829313980998 16.567982 1.2929920000000017
97.68056088001582 16.377469148996592 0.1334432037501857 16.025621 1.4711089999999984
96.44274204257444 16.577230371551856 0.3231301922816588 16.902466 1.2253969999999974
94.28607111792573 16.574941611743284 0.5204059173855432 16.647295 1.5098140000000004
95.1186299465493 17.455404194452182 0.3092689672452666 16.14711 1.2804885000000006
96.0738043606259 18.737148801469484 0.1765726945238286 16.3946 1.234820000000001
97.37877034574898 18.063457607607454 1.1148945266479904 16.584057 1.5295690000000004
100.30667074695468 18.66301297222342 0.4522319053939404 16.358799 0.9992809999999999
100.0053494070906 20.139426766442824 0.694839734695651 16.485409 1.5007549999999998
96.04883736152553 19.146427210679477 0.43066880485391945 16.806444 1.1560710000000007
98.99773524108282 20.42672990540337 0.1508203949442887 16.832418 1.097172999999998
98.4534737829527 21.361387024130718 0.3029906481971088 16.225159 1.0022529999999996
92.76431685340081 19.152338549180843 0.24337317361441393 16.536371 1.6790730000000007
92.91983787232574 19.406225033416895 0.5186029278868095 16.92896 1.3270850000000003
90.63211932123203 19.49141067450522 0.37454617024318554 16.357452 2.9709899999999987
95.42684005147198 20.370762631597003 0.9657651745216653 16.99677 1.601782
95.62682030101612 20.90594913132187 0.30368290482749905 16.365488 1.0805620000000022
96.36362636212819 21.915192599992537 0.30910783294559835 16.915438 0.2333729999999985
95.1959559460651 21.683671848570683 0.07444104889479512 16.951298 1.7816469999999995
96.53448239847879 23.143071847827535 0.3493403536883569 16.840305 1.3698119999999996
101.05023613185395 20.45640152626681 0.5934382181074678 16.641058 0.9785360000000018
102.48478456669568 21.040007441922544 0.37050441988089994 16.0689 0.6070480000000007
37.23084445864655 39.65959606742019 0.7170147389234379 16.980255 0.8635470000000005
100.56783743135591 22.185257707130205 0.6940140419158192 16.206264 1.0341190000000005
100.75613977562595 23.0638885695026 0.5651187580651142 16.10211 1.0287689999999987
102.8599013327265 23.284905037588327 0.6243738520049636 16.649559 1.0539349999999992
105.00655170091203 24.266716261611286 0.4458342294839322 16.997948 0.8130400000000009
102.30393599105466 24.801608208952057 0.2331408105098524 16.574488 0.7960190000000011
103.48408987699028 26.169547071341228 0.6187043277368804 16.018389 0.9557830000000003
97.68006571524566 23.5318961417805 0.2675083633931779 16.784422 0.9832630000000009
99.91065546634157 24.500543345916864 0.6371757307012936 16.699526 1.282036999999999
96.84320653317921 23.901235618514004 0.23296071422919387 16.341732 1.0923820000000006
96.67174560034537 24.963759944388023 0.14273611034328373 16.731752 0.9500770000000003
98.78891232327501 26.3148305231879 0.1131344257419045 16.53928 1.014781000000001
100.37521490173977 25.74052504238399 0.3298634054394056 16.555965 0.8309609999999985
101.98576064491274 27.47462818084378 0.24210369420219452 16.513222 0.7676559999999988
98.89237503426982 27.366248099849575 1.1520016159162954 16.427824 1.431811999999999
101.13652512468511 28.57664811608095 0.694471475012037 16.135496 0.9834579999999988
80.40056505009856 11.690915885831549 -0.02104190016106508 16.084732 1.856103000000001
79.37852687749367 13.204282771794565 nan 16.930862 1.8396100000000004
83.38955830178482 14.554057233830667 1.195962681430828 16.026106 1.4386829999999993
80.44645147845463 14.98531539679723 0.7309224087819818 16.279715 1.3016819999999996
75.43844690860307 13.645040769957136 0.9619142794093072 16.306448 1.421163
73.88072269075786 14.409525552181245 0.7358072175629018 16.601114 1.4114530000000016
78.4264347297996 15.826917852972263 0.9042741027624848 16.596718 1.4193610000000003
79.69585669693737 16.858424375081636 0.5334875874153405 16.429226 1.1155219999999986
79.4628269053294 18.34009786125031 0.20977316211082805 16.34599 1.323868000000001
85.55807646037088 15.827494484092506 0.34989697670234093 16.437798 0.8623149999999988
85.4078393027645 16.983373827730706 0.7712746170209869 16.760355 1.0164339999999967
84.18323133426065 17.099118611570663 0.27519061855358334 16.705463 1.5936850000000007
85.42657695851689 18.518584151263248 0.555523468693593 16.836931 1.154132999999998
87.21705069616134 18.131727830976843 0.5247580048296483 16.298971 1.2145340000000004
88.46493923467423 18.667086645531025 0.172469313343831 16.884323 1.192695999999998
36.397418654649734 44.3084486505826 1.6119562982121176 16.120403 1.2219815
